1 17377831 17377841 17377844 17377846 17377848 17377853 17377883 17377887 17377895 17377896 17377900
2 17394853 17394944 17394954 17394956 17394980 17394995 17395012 17395039
3 17370509 17370517 17370518 17370532 17370545 17370562 17370563
4 17432307 17432314 17432316 17432318 17432319 17432320 17432358 17432383 17432384 17432388 17432392 17432393
5 17384833 17384842 17384844 17384897 17384902 17384939 17384969 17385032 17385035 17385122
6 17426794 17426814 17426826 17426828 17426835 17426837 17426839
7 17490662 17490663 17490666 17490677 17490678 17490681 17490728 17490742 17490751 17490752 17490753 18284198 18284248
8 17507947 17507951 17507953 17507958 17507964 17507994 17507996 17508011 17508032 17508033 17508071 17508077 17508080 17508104
9 18831956 18831960 18831961 18831962 18831963 18831965 18831978 18831982 18831986 18831988 18831989 18831995 18831999 18832001 18832002 18832011 18832017 18832018 18832020 18832021 18832022 18832023 18832028 18832033 18832034
10 17376101 17376147 17376148 17376157 17376171 17376188
11 17380050 17380055 17380078 17380079 17380114
12 18222782 18222788 18222793 18222794 18222799 18222803 18222805 18222807 18222808 18222815 18222818 18222820 18222821 18222822 18222827 18222837 18222856 18222865
13 18668621 18668638 18668640 18668648 18668650 18668652 18668653 18668654 18668655 18668656 18668659 18668666 18668669 18668673 18668675
14 17477813 17477826 17477829 17477837 17483929 17483930 17486806 17486807 17624155
15 17483228 17483232 17484036 17484049 17484052 17539287 17539290 17539291 17539292
16 17581616 17581618 17581623 17581625 17581690 17624928 17624930 17624931 17630563 17630564 17630565 17630570
17 17995090 17995091 17995092 17995096 17995097 18003339 18003340 18003341 18003342 18003343 18072642 18072646 18072647 18072649 18072650
18 17423834 17423836 17423838 17423850 17423857 17423858 17423868 17423869 17423880 17423881 17423884
19 17895201 17895202 17895211 17895212 17895216 17895232 17895233 17895240 17895246
20 18366658 18366691 18368548 18368566 18369049 18369081 18369159 18370243 18370244 18373027
21 17489169 17510666 17510674 17514138 17527675 17708289 17708291 17708297 17708307 17708319 17708322 17708329
22 17684523 18444075 18444088 18444092 18444094 18444095 18444107 18444108 18460834 18460835 18460842 18460862 18460876
23 18503256 18503259 18503260 18503275 18503276 18503288 18503291 18503296 18503300 18503322 18507718 18507723 18507740 18507742
24 17488410 17488414 17488469 17488475 17488494 17488533 17823949 17823951 17823958
25 17370090 17370102 17370108 17370113 17370114 17370116 17370117 17370166 17370170
26 17940195 17940196 17940198 17940206 17940207 17940214 17940217 17940218 17940219 17940221 17940223 17940226 17940229 17940232 17940233 18012564 18012584 18012588 18012596 18012597 18012599 18012600
27 17834044 17834048 17834049 17834051 17834059 17834068 17834073 17834084 17834144 17834150 17834177 17834179
28 17485364 17485376 17520911 17520929 17520930 17520933 17520957
29 17809009 17809014 17809016 17809019 17809026 17809029 17809031 17809032 17809036 17809039 17809042 17809045 17809049 17809050 17809055 17809057
30 17681515 17681578 17681604 17681625 17681644 17685782 17696408 17754418 17832896 17832938
31 17403804 17403805 17403807 17403808 17403826 17403840 17403842 17403854 17403856 17403857 17403867 17403868 17403869 17403886
32 18740202 18740203 18740205 18740206 18740209 18740210 18740211 18740212 18740213 18740214 18740215 18740216 18740221 18740222 18740223 18740224 18740225 18740226 18740228 18740229 18740231 18740232 18740233 18740234 18740236 18740237 18740239 18740249 18740250 18740251 18740253 18740254 18740255 18740256 18740261
33 17398767 17398780 17398804 17405071 17405075 17405085 17572410 17572411 17572414 17572417 17572423
34 17432265 17432268 17432271 17432273 17432294 17432295 17432296 17432400 17432401 17432404 17432405 17432412
35 18539551 18539552 18539553 18539555 18539557 18539558 18539564 18539565 18539568 18539576 18539578 18539580 18539582 18539595 18539598 18539604 18539607
36 17376648 17376668 17404932 17404945 17404958 17404968 17404971
37 17376497 17376506 17376509 17376513 17376528 17376533 17376539 17376551
38 17387079 17387122 17387183 17387185 17387301 17387305 17394132
39 17896623 17896625 17896627 17896632 17897401 17897408 17897409 17897417 17897418 17897430 17897433 17897434 17897451 17897461 17897466 17897505
40 17452165 17452183 17452192 17452207 17452237 17452274
41 17437330 17437331 17437336 17437339 17437340 17437342 17437347 17437360 17437361 17437366 17437383 17437398 17437412
42 17437825 17437828 17437838 17437844 17437847 17437848 18096200 18096237 18097425
43 18703860 18703861 18703862 18703863 18703864 18703866 18703873 18703874 18703875 18703876 18703877 18703878 18703879 18703880 18703881 18703884 18703885 18703887 18703888 18703889 18703890 18703893 18703894 18703898 18703900 18703906 18703907 18703908 18703916 18703917 18703926 18703928
44 17429871 17429873 17429876 17429880 17429881 17429883 17429884 17429887 17429888 17429895 17429896 17429900 17429907 17429914 17429918 17429919 17429920 17429927
45 17405896 17405922 17405923 17405930 17405937 17405938 17405940 17405967 17405981 17405982 17405983 17405984 17405997 17405998 17405999
46 17414277 17423896 17423897 17436300 17470267 17470293 17470294
47 17428870 17428872 17428873 17428888 17428889 17428890 17428891 17428895 17428896 17428911 17428982
48 17420919 17420921 17420956 17422710 17422717 17422722 17422726 17422732 17422743 17506443 17506444 17506451 17506453 17815439
49 17426724 17426730 17426731 17426733 17426735 17426739 17426741 17426743 17426748 17426768 17426769 17426775 17426778 17426787
50 18670007 18670008 18670009 18670010 18670033 18670035 18670036 18670037 18670043 18670044 18670045 18670048 18670060 18670061 18670062 18670064 18670065 18670078 18670080 18670081 18670093 18670096 18670118 18670140 18670143 18670155 18670157 18670158
51 17433636 17433653 17433664 17433665 17433671 17433672 17433673 17433688 17433696 17433710
52 17377014 17377015 17377073 17377075 17377076 17377078 17377079 17377092 17377100 17377101 17377102
53 17381917 17381918 17381951 17382273 17382285 17382289 17382311 17382322
54 17370757 17370763 17370776 17370788 17370873 17370883 17370913
55 17376558 17376566 17376606 17376619 17376628
56 17421058 17421060 17421089 17421104 17421111 17421119 17424006 17424021
57 18683232 18683233 18683238 18683267 18683268 18683270 18683281 18683282 18683283 18683284 18683292 18683293 18683294 18683303 18683304 18683305 18683306 18683308 18683309 18683310 18683312 18683313 18683314 18683315 18683376 18683378 18683379 18683380 18683436 18683437 18833249 18833251 18833252 18833253 18833255 18833257 18833258 18833267 18833268 18833270 18833272 18833273
58 17552596 17552639 17552645 17552650 17784082 17784093 17784095
59 17582114 17582117 17582138 17582170 17582961 17582964 17582973 17582986 17582990 17583006 17583009 17583027 17583028 17583029 17583034 17583036
60 18009428 18009435 18009437 18009438 18009467 18009476 18009489 18009490 18009495 18009523 18009528 18009531 18009550 18009564 18012365 18012366
61 18374682 18374700 18374717 18374770 18374813 18374826 18374893 18374909 18374921 18374964 18374965 18374982 18375007
62 17626464 17626483 17626484 17626495 17626504 17626506 17626518 17626519 17626533 17626537 17626538 17626544 17626554 17723116 17723118
63 18262655 18262656 18262659 18262662 18262663 18262673 18262707 18262714 18262728 18262738 18262739 18262740 18262747 18262751 18262762 18262771
64 17460960 17460981 17460985 17460989 17460993 17460995 17460998 17461009 17461010
65 18013248 18013250 18013253 18013255 18013259 18013265 18013273 18013283 18013300 18013314 18013319 18013331 18013333 18013338 18013346 18013352 18013356 18013362 18013365
66 17532374 17532408 17532498 17532603 17535417 17535797
67 18680890 18680897 18680898 18680900 18680901 18699354 18699355 18699357 18703778 18703780 18703781 18708761 18708762 18708763 18708764 18708765 18714251 18714253 18714255 18723560 18747628 18753385 18753386 18753387 18753388 18758669 18758670 18758671 18770767 18770768 18770769 18781760 18781761 18781765 18810208 18810209 18810210 18846836 18851602 18851603 18851604 18851605 18851606 18917916 18917919
68 17397697 17397784 17397840 17397907 17405052 17405054 17405107
69 17376800 17376838 17376848 17376864 17376881 17376898 17376905 17376911 17376929 17376942
70 18516087 18516113 18516120 18519370 18519411 18718164 18718173 18718174 18718212 18718213 18718228 18718234 18718235 18718241 18718243 18718244 18718246 18718247 18718250 18718261 18718262 18718265 18718269 18718270 18718271 18718274 18718283 18718284 18718285 18718287 18718288 18718291 18718292 18718294 18718298 18718299 18718300
71 18735114 18735115 18735116 18735117 18735124 18735125 18735126 18735128 18735140 18735146 18735147 18735154 18735155 18735157 18735158 18735160 18735161 18735162 18735164 18735168 18735170 18735172 18735173 18735174 18735176 18735178 18735179 18735180 18735183 18735185 18735186 18735192 18735193 18735194 18735195 18735196 18735198 18735199 18735201 18735205 18735207 18735208 18735210 18735211 18735212 18735213 18735219 18735220 18735222 18735223 18735224 18735225 18735226 18735228
72 17585213 17585221 17585222 17585271 17585273 17585407 17585408 17585455 17585489 17585493
73 17407776 17407781 17407783 17407794 17407811 17407835 17407847 17407867 17407881 17407883 17407892
74 17484016 17484018 17484021 17484088 17484090
75 17402442 17420232 17431039 17442011 17636447 17636483 17636504
76 18703739 18703740 18703743 18703744 18703745 18703749 18703754 18703755 18703756 18703758 18703759 18703760 18703761 18703767 18703784 18703786 18703788 18703790 18703791 18703793 18703797 18703801 18762098 18762100 18762101 18762102 18762106 18762108 18762109 18762150 18762154 18762155 18762157 18762159 18778428 18778429 18778434 18778443 18778444 18778445 18778446 18778455 18778458 18778459 18778461 18778462 18778474 18778475 18778476 18778478 18778480
77 17392354 17392371 17392373 17392382 17805171 17805204 17805234 17805239 17805244 17805246 17805267 17805271 17805300 17805304
78 17382801 17382870 17382928 17383004 17383075 17383201
79 17428812 17429111 17429159
80 17585466 17585488 17587437 17587452 17619779 17619789 17619795 17619806 17619810 17619811 17619825 17626570 17626586
81 17389889 17389904 17411999 17412024 17412031 17428654 17428655 17428660 17428663 17428668 17428685 17428688
82 17382475 17382516 17382549 17382570 17382573 17382594 17382624 17382635
83 18386533
84 17806415 17806418 17806432 17806433 17806437 17809456 17809465 17809473 17812897 17819737 17819738 18726018 18726023 18726024 18726025 18726031 18726047 18726048 18726052 18726063 18726065 18726066 18726073 18726087 18726090 18726091 18726102 18726108 18726117 18726118 18726119 18726120
85 18851578 18851580 18851582 18851583 18851584 18851586 18851592 18851593 18851594 18851595 18854545 18854548 18854590 18854591 18854596 18854600 18854602 18854604 18854605 18854606 18854609 18854611 18854612 18854621 18854637 18854639 18854652 18854653 18854654 18854667 18854668 18854670 18854685 18854687 18854701 18854702 18854703 18854704 18859769 18859770 18859772
86 17414973 17414982 17414985 17414990 17415026 17415027 17415030 17415036 17415055
87 17408020 17408030 17408043 17408063 17408067 17408068 17408085 17408097 17408100
88 17457374 17457395 17457415 17457440 17457441 17458453 17458520
89 18504880 18504924 18504925 18504935 18504944 18504946 18504958 18504973 18505058 18505073 18505121 18505144 18505243
90 17388304 17388528 17388792 17388812 17395969
91 17426366 17426374 17426383 17426417 17426471 17426494 17426501
92 17879958 17879965 17879993 17880055 17880056 17880065 17880083
93 17437197 17437212 17437247 17437251 17437253 17437277 17437279 17437299 17437321 17447281
94 18123707 18123709 18123720 18123730 18123740 18123748 18123759 18123772 18123774 18123843 18123855 18123887 18123924 18123935 18123941 18123965 18124005 18124017 18124029 18124036 18124057
95 18855682 18855683 18855684 18855691 18855695 18855701 18855703 18855710 18855730 18855751 18855752 18855779 18855781 18855782 18860300 18860301 18860307 18860308 18860311 18860313 18860315 18860316 18860320 18860323 18860327 18860330 18860332 18860335 18860346 18860350 18860355 18860357 18860358 18860359 18860361 18860362 18860368 18860372 18860378 18860384 18860386
96 17405857 17405916 17405950 17406001
97 17484313 17484387
98 17440921 17440942 17490846 17490974 17490999 17491004
99 17372022
100 17420443 17420607 17420703 17420734 17420771 17420840
101 17450958 17451027
102 18063551 18063576 18063582 18063616 18063628 18066119 18066127 18066156 18066170
103 17424449 17424452
104 17402398 17760574 17760582 17760621 18515476 18515489 18537346
105 17423193 17423275 17423301 17423345 17423451
106 17417429 17419451 17419500
107 17421971
108 18882637 18882664 18882682 18882683 18882689 18882699 18882730 18882733 18882741 18882749 18882751 18882753 18882773 18882774 18882777 18882778 18882782 18882785 18882793 18882795 18882796 18882803 18882808 18882815 18882818 18882821 18882822 18882825 18882833 18882837 18882838 18882846 18882853 18882858 18882859 18882862 18882863 18882865 18882869 18882872 18882894 18882906
109 17474298 17474410 17474515 17477844
110 17476386 17476420
111 17375987
112 17381796 17426586
113 17461203 18101854
114 17580086 17580089 17580131
115 18670218 18670247 18670248 18670249 18670297 18670298 18670300 18670301 18670337 18670338 18670341 18670373 18670374 18670375 18670384 18670392 18670395 18670397 18670401 18670412 18670416 18670439 18670452 18670473 18670509 18670510 18670511 18670534 18670535 18670610 18670616 18670620 18670622 18670623 18670625 18670626 18670650 18670652 18670665 18670689 18670691 18670712 18670724 18670736 18670745 18670746 18670747 18670753 18670789
116 17477201 17477259
117 18574350 18574355 18574371 18574372 18574392 18574401 18574438 18574598 18574613 18574618 18574676 18574710 18574813 18574826
118 17384091
119 17414912
120 17423669 17425228
121 17429753 17652584 17652585 17652624
122 18305799 18305818 18305853 18310303 18310404 18316530 18332525 18802649 18802653 18802659 18802679
123 18668689 18668698 18668699 18672486 18674848 18681181 18681186 18693677 18693679 18693688 18693693 18693699 18693700 18693706 18693708 18693749 18696016 18696028 18696029 18696056 18696058 18696074 18696078 18696093 18696101 18696112 18696113 18696117 18696131
124 17687606 18234600 18234715 18531123 18531139 18531162 18531202 18568600 18856856
125 17419901 17419944
126 17382836 17424739 17435827 17447673 17650844
127 17419123
128 17422988
129 18501077 18501489 18501644
130 17799301 17813530 17813550 17813701
131 18660886 18660901 18660909 18663086 18663119 18668438 18668450 18668456 18668490 18754074 18754080 18754081 18754085 18754099 18754113 18754115 18754118 18754120
132 17833929 17834674 17834876 17840615 18813662 18813670
133 17434445
134 17581421
135 17603678 17603703 17604449 17735227 18914519 18914520 18914530 18914535 18914545 18914549 18914564
136 17723640
137 18699444 18699445 18699470 18699489 18699515 18699517 18699609 18699616 18699634 18699713 18699724 18699743 18699785 18699787 18699816 18699955 18734962 18783515 18783568
138 18784294 18784296 18784301 18784312 18784330 18784338 18784340 18784367 18784396 18784419 18784429 18784432 18784479 18784507 18784548 18784563 18784648 18784728 18784750 18785064 18785117 18785245 18785259 18785262 18785288 18785312 18893882 18893916
139 17670232
140 18715059 18715090 18715103 18715114 18715165 18715178 18715184 18856943 18856950 18856968 18861915 18862012 18862032 18862086
141 18709019 18730821 18730829 18800332 18826436 18854554
142 18853902
