17377831 1
17377841 1
17377844 1
17377846 1
17377848 1
17377853 1
17377883 1
17377887 1
17377895 1
17377896 1
17377900 1
17394853 2
17394944 2
17394954 2
17394956 2
17394980 2
17394995 2
17395012 2
17395039 2
17370509 3
17370517 3
17370518 3
17370532 3
17370545 3
17370562 3
17370563 3
17432307 4
17432314 4
17432316 4
17432318 4
17432319 4
17432320 4
17432358 4
17432383 4
17432384 4
17432388 4
17432392 4
17432393 4
17384833 5
17384842 5
17384844 5
17384897 5
17384902 5
17384939 5
17384969 5
17385032 5
17385035 5
17385122 5
17426794 6
17426814 6
17426826 6
17426828 6
17426835 6
17426837 6
17426839 6
17490662 7
17490663 7
17490666 7
17490677 7
17490678 7
17490681 7
17490728 7
17490742 7
17490751 7
17490752 7
17490753 7
18284198 7
18284248 7
17507947 8
17507951 8
17507953 8
17507958 8
17507964 8
17507994 8
17507996 8
17508011 8
17508032 8
17508033 8
17508071 8
17508077 8
17508080 8
17508104 8
18831956 9
18831960 9
18831961 9
18831962 9
18831963 9
18831965 9
18831978 9
18831982 9
18831986 9
18831988 9
18831989 9
18831995 9
18831999 9
18832001 9
18832002 9
18832011 9
18832017 9
18832018 9
18832020 9
18832021 9
18832022 9
18832023 9
18832028 9
18832033 9
18832034 9
17376101 10
17376147 10
17376148 10
17376157 10
17376171 10
17376188 10
17380050 11
17380055 11
17380078 11
17380079 11
17380114 11
18222782 12
18222788 12
18222793 12
18222794 12
18222799 12
18222803 12
18222805 12
18222807 12
18222808 12
18222815 12
18222818 12
18222820 12
18222821 12
18222822 12
18222827 12
18222837 12
18222856 12
18222865 12
18668621 13
18668638 13
18668640 13
18668648 13
18668650 13
18668652 13
18668653 13
18668654 13
18668655 13
18668656 13
18668659 13
18668666 13
18668669 13
18668673 13
18668675 13
17477813 14
17477826 14
17477829 14
17477837 14
17483929 14
17483930 14
17486806 14
17486807 14
17624155 14
17483228 15
17483232 15
17484036 15
17484049 15
17484052 15
17539287 15
17539290 15
17539291 15
17539292 15
17581616 16
17581618 16
17581623 16
17581625 16
17581690 16
17624928 16
17624930 16
17624931 16
17630563 16
17630564 16
17630565 16
17630570 16
17995090 17
17995091 17
17995092 17
17995096 17
17995097 17
18003339 17
18003340 17
18003341 17
18003342 17
18003343 17
18072642 17
18072646 17
18072647 17
18072649 17
18072650 17
17423834 18
17423836 18
17423838 18
17423850 18
17423857 18
17423858 18
17423868 18
17423869 18
17423880 18
17423881 18
17423884 18
17895201 19
17895202 19
17895211 19
17895212 19
17895216 19
17895232 19
17895233 19
17895240 19
17895246 19
18366658 20
18366691 20
18368548 20
18368566 20
18369049 20
18369081 20
18369159 20
18370243 20
18370244 20
18373027 20
17489169 21
17510666 21
17510674 21
17514138 21
17527675 21
17708289 21
17708291 21
17708297 21
17708307 21
17708319 21
17708322 21
17708329 21
17684523 22
18444075 22
18444088 22
18444092 22
18444094 22
18444095 22
18444107 22
18444108 22
18460834 22
18460835 22
18460842 22
18460862 22
18460876 22
18503256 23
18503259 23
18503260 23
18503275 23
18503276 23
18503288 23
18503291 23
18503296 23
18503300 23
18503322 23
18507718 23
18507723 23
18507740 23
18507742 23
17488410 24
17488414 24
17488469 24
17488475 24
17488494 24
17488533 24
17823949 24
17823951 24
17823958 24
17370090 25
17370102 25
17370108 25
17370113 25
17370114 25
17370116 25
17370117 25
17370166 25
17370170 25
17940195 26
17940196 26
17940198 26
17940206 26
17940207 26
17940214 26
17940217 26
17940218 26
17940219 26
17940221 26
17940223 26
17940226 26
17940229 26
17940232 26
17940233 26
18012564 26
18012584 26
18012588 26
18012596 26
18012597 26
18012599 26
18012600 26
17834044 27
17834048 27
17834049 27
17834051 27
17834059 27
17834068 27
17834073 27
17834084 27
17834144 27
17834150 27
17834177 27
17834179 27
17485364 28
17485376 28
17520911 28
17520929 28
17520930 28
17520933 28
17520957 28
17809009 29
17809014 29
17809016 29
17809019 29
17809026 29
17809029 29
17809031 29
17809032 29
17809036 29
17809039 29
17809042 29
17809045 29
17809049 29
17809050 29
17809055 29
17809057 29
17681515 30
17681578 30
17681604 30
17681625 30
17681644 30
17685782 30
17696408 30
17754418 30
17832896 30
17832938 30
17403804 31
17403805 31
17403807 31
17403808 31
17403826 31
17403840 31
17403842 31
17403854 31
17403856 31
17403857 31
17403867 31
17403868 31
17403869 31
17403886 31
18740202 32
18740203 32
18740205 32
18740206 32
18740209 32
18740210 32
18740211 32
18740212 32
18740213 32
18740214 32
18740215 32
18740216 32
18740221 32
18740222 32
18740223 32
18740224 32
18740225 32
18740226 32
18740228 32
18740229 32
18740231 32
18740232 32
18740233 32
18740234 32
18740236 32
18740237 32
18740239 32
18740249 32
18740250 32
18740251 32
18740253 32
18740254 32
18740255 32
18740256 32
18740261 32
17398767 33
17398780 33
17398804 33
17405071 33
17405075 33
17405085 33
17572410 33
17572411 33
17572414 33
17572417 33
17572423 33
17432265 34
17432268 34
17432271 34
17432273 34
17432294 34
17432295 34
17432296 34
17432400 34
17432401 34
17432404 34
17432405 34
17432412 34
18539551 35
18539552 35
18539553 35
18539555 35
18539557 35
18539558 35
18539564 35
18539565 35
18539568 35
18539576 35
18539578 35
18539580 35
18539582 35
18539595 35
18539598 35
18539604 35
18539607 35
17376648 36
17376668 36
17404932 36
17404945 36
17404958 36
17404968 36
17404971 36
17376497 37
17376506 37
17376509 37
17376513 37
17376528 37
17376533 37
17376539 37
17376551 37
17387079 38
17387122 38
17387183 38
17387185 38
17387301 38
17387305 38
17394132 38
17896623 39
17896625 39
17896627 39
17896632 39
17897401 39
17897408 39
17897409 39
17897417 39
17897418 39
17897430 39
17897433 39
17897434 39
17897451 39
17897461 39
17897466 39
17897505 39
17452165 40
17452183 40
17452192 40
17452207 40
17452237 40
17452274 40
17437330 41
17437331 41
17437336 41
17437339 41
17437340 41
17437342 41
17437347 41
17437360 41
17437361 41
17437366 41
17437383 41
17437398 41
17437412 41
17437825 42
17437828 42
17437838 42
17437844 42
17437847 42
17437848 42
18096200 42
18096237 42
18097425 42
18703860 43
18703861 43
18703862 43
18703863 43
18703864 43
18703866 43
18703873 43
18703874 43
18703875 43
18703876 43
18703877 43
18703878 43
18703879 43
18703880 43
18703881 43
18703884 43
18703885 43
18703887 43
18703888 43
18703889 43
18703890 43
18703893 43
18703894 43
18703898 43
18703900 43
18703906 43
18703907 43
18703908 43
18703916 43
18703917 43
18703926 43
18703928 43
17429871 44
17429873 44
17429876 44
17429880 44
17429881 44
17429883 44
17429884 44
17429887 44
17429888 44
17429895 44
17429896 44
17429900 44
17429907 44
17429914 44
17429918 44
17429919 44
17429920 44
17429927 44
17405896 45
17405922 45
17405923 45
17405930 45
17405937 45
17405938 45
17405940 45
17405967 45
17405981 45
17405982 45
17405983 45
17405984 45
17405997 45
17405998 45
17405999 45
17414277 46
17423896 46
17423897 46
17436300 46
17470267 46
17470293 46
17470294 46
17428870 47
17428872 47
17428873 47
17428888 47
17428889 47
17428890 47
17428891 47
17428895 47
17428896 47
17428911 47
17428982 47
17420919 48
17420921 48
17420956 48
17422710 48
17422717 48
17422722 48
17422726 48
17422732 48
17422743 48
17506443 48
17506444 48
17506451 48
17506453 48
17815439 48
17426724 49
17426730 49
17426731 49
17426733 49
17426735 49
17426739 49
17426741 49
17426743 49
17426748 49
17426768 49
17426769 49
17426775 49
17426778 49
17426787 49
18670007 50
18670008 50
18670009 50
18670010 50
18670033 50
18670035 50
18670036 50
18670037 50
18670043 50
18670044 50
18670045 50
18670048 50
18670060 50
18670061 50
18670062 50
18670064 50
18670065 50
18670078 50
18670080 50
18670081 50
18670093 50
18670096 50
18670118 50
18670140 50
18670143 50
18670155 50
18670157 50
18670158 50
17433636 51
17433653 51
17433664 51
17433665 51
17433671 51
17433672 51
17433673 51
17433688 51
17433696 51
17433710 51
17377014 52
17377015 52
17377073 52
17377075 52
17377076 52
17377078 52
17377079 52
17377092 52
17377100 52
17377101 52
17377102 52
17381917 53
17381918 53
17381951 53
17382273 53
17382285 53
17382289 53
17382311 53
17382322 53
17370757 54
17370763 54
17370776 54
17370788 54
17370873 54
17370883 54
17370913 54
17376558 55
17376566 55
17376606 55
17376619 55
17376628 55
17421058 56
17421060 56
17421089 56
17421104 56
17421111 56
17421119 56
17424006 56
17424021 56
18683232 57
18683233 57
18683238 57
18683267 57
18683268 57
18683270 57
18683281 57
18683282 57
18683283 57
18683284 57
18683292 57
18683293 57
18683294 57
18683303 57
18683304 57
18683305 57
18683306 57
18683308 57
18683309 57
18683310 57
18683312 57
18683313 57
18683314 57
18683315 57
18683376 57
18683378 57
18683379 57
18683380 57
18683436 57
18683437 57
18833249 57
18833251 57
18833252 57
18833253 57
18833255 57
18833257 57
18833258 57
18833267 57
18833268 57
18833270 57
18833272 57
18833273 57
17552596 58
17552639 58
17552645 58
17552650 58
17784082 58
17784093 58
17784095 58
17582114 59
17582117 59
17582138 59
17582170 59
17582961 59
17582964 59
17582973 59
17582986 59
17582990 59
17583006 59
17583009 59
17583027 59
17583028 59
17583029 59
17583034 59
17583036 59
18009428 60
18009435 60
18009437 60
18009438 60
18009467 60
18009476 60
18009489 60
18009490 60
18009495 60
18009523 60
18009528 60
18009531 60
18009550 60
18009564 60
18012365 60
18012366 60
18374682 61
18374700 61
18374717 61
18374770 61
18374813 61
18374826 61
18374893 61
18374909 61
18374921 61
18374964 61
18374965 61
18374982 61
18375007 61
17626464 62
17626483 62
17626484 62
17626495 62
17626504 62
17626506 62
17626518 62
17626519 62
17626533 62
17626537 62
17626538 62
17626544 62
17626554 62
17723116 62
17723118 62
18262655 63
18262656 63
18262659 63
18262662 63
18262663 63
18262673 63
18262707 63
18262714 63
18262728 63
18262738 63
18262739 63
18262740 63
18262747 63
18262751 63
18262762 63
18262771 63
17460960 64
17460981 64
17460985 64
17460989 64
17460993 64
17460995 64
17460998 64
17461009 64
17461010 64
18013248 65
18013250 65
18013253 65
18013255 65
18013259 65
18013265 65
18013273 65
18013283 65
18013300 65
18013314 65
18013319 65
18013331 65
18013333 65
18013338 65
18013346 65
18013352 65
18013356 65
18013362 65
18013365 65
17532374 66
17532408 66
17532498 66
17532603 66
17535417 66
17535797 66
18680890 67
18680897 67
18680898 67
18680900 67
18680901 67
18699354 67
18699355 67
18699357 67
18703778 67
18703780 67
18703781 67
18708761 67
18708762 67
18708763 67
18708764 67
18708765 67
18714251 67
18714253 67
18714255 67
18723560 67
18747628 67
18753385 67
18753386 67
18753387 67
18753388 67
18758669 67
18758670 67
18758671 67
18770767 67
18770768 67
18770769 67
18781760 67
18781761 67
18781765 67
18810208 67
18810209 67
18810210 67
18846836 67
18851602 67
18851603 67
18851604 67
18851605 67
18851606 67
18917916 67
18917919 67
17397697 68
17397784 68
17397840 68
17397907 68
17405052 68
17405054 68
17405107 68
17376800 69
17376838 69
17376848 69
17376864 69
17376881 69
17376898 69
17376905 69
17376911 69
17376929 69
17376942 69
18516087 70
18516113 70
18516120 70
18519370 70
18519411 70
18718164 70
18718173 70
18718174 70
18718212 70
18718213 70
18718228 70
18718234 70
18718235 70
18718241 70
18718243 70
18718244 70
18718246 70
18718247 70
18718250 70
18718261 70
18718262 70
18718265 70
18718269 70
18718270 70
18718271 70
18718274 70
18718283 70
18718284 70
18718285 70
18718287 70
18718288 70
18718291 70
18718292 70
18718294 70
18718298 70
18718299 70
18718300 70
18735114 71
18735115 71
18735116 71
18735117 71
18735124 71
18735125 71
18735126 71
18735128 71
18735140 71
18735146 71
18735147 71
18735154 71
18735155 71
18735157 71
18735158 71
18735160 71
18735161 71
18735162 71
18735164 71
18735168 71
18735170 71
18735172 71
18735173 71
18735174 71
18735176 71
18735178 71
18735179 71
18735180 71
18735183 71
18735185 71
18735186 71
18735192 71
18735193 71
18735194 71
18735195 71
18735196 71
18735198 71
18735199 71
18735201 71
18735205 71
18735207 71
18735208 71
18735210 71
18735211 71
18735212 71
18735213 71
18735219 71
18735220 71
18735222 71
18735223 71
18735224 71
18735225 71
18735226 71
18735228 71
17585213 72
17585221 72
17585222 72
17585271 72
17585273 72
17585407 72
17585408 72
17585455 72
17585489 72
17585493 72
17407776 73
17407781 73
17407783 73
17407794 73
17407811 73
17407835 73
17407847 73
17407867 73
17407881 73
17407883 73
17407892 73
17484016 74
17484018 74
17484021 74
17484088 74
17484090 74
17402442 75
17420232 75
17431039 75
17442011 75
17636447 75
17636483 75
17636504 75
18703739 76
18703740 76
18703743 76
18703744 76
18703745 76
18703749 76
18703754 76
18703755 76
18703756 76
18703758 76
18703759 76
18703760 76
18703761 76
18703767 76
18703784 76
18703786 76
18703788 76
18703790 76
18703791 76
18703793 76
18703797 76
18703801 76
18762098 76
18762100 76
18762101 76
18762102 76
18762106 76
18762108 76
18762109 76
18762150 76
18762154 76
18762155 76
18762157 76
18762159 76
18778428 76
18778429 76
18778434 76
18778443 76
18778444 76
18778445 76
18778446 76
18778455 76
18778458 76
18778459 76
18778461 76
18778462 76
18778474 76
18778475 76
18778476 76
18778478 76
18778480 76
17392354 77
17392371 77
17392373 77
17392382 77
17805171 77
17805204 77
17805234 77
17805239 77
17805244 77
17805246 77
17805267 77
17805271 77
17805300 77
17805304 77
17382801 78
17382870 78
17382928 78
17383004 78
17383075 78
17383201 78
17428812 79
17429111 79
17429159 79
17585466 80
17585488 80
17587437 80
17587452 80
17619779 80
17619789 80
17619795 80
17619806 80
17619810 80
17619811 80
17619825 80
17626570 80
17626586 80
17389889 81
17389904 81
17411999 81
17412024 81
17412031 81
17428654 81
17428655 81
17428660 81
17428663 81
17428668 81
17428685 81
17428688 81
17382475 82
17382516 82
17382549 82
17382570 82
17382573 82
17382594 82
17382624 82
17382635 82
18386533 83
17806415 84
17806418 84
17806432 84
17806433 84
17806437 84
17809456 84
17809465 84
17809473 84
17812897 84
17819737 84
17819738 84
18726018 84
18726023 84
18726024 84
18726025 84
18726031 84
18726047 84
18726048 84
18726052 84
18726063 84
18726065 84
18726066 84
18726073 84
18726087 84
18726090 84
18726091 84
18726102 84
18726108 84
18726117 84
18726118 84
18726119 84
18726120 84
18851578 85
18851580 85
18851582 85
18851583 85
18851584 85
18851586 85
18851592 85
18851593 85
18851594 85
18851595 85
18854545 85
18854548 85
18854590 85
18854591 85
18854596 85
18854600 85
18854602 85
18854604 85
18854605 85
18854606 85
18854609 85
18854611 85
18854612 85
18854621 85
18854637 85
18854639 85
18854652 85
18854653 85
18854654 85
18854667 85
18854668 85
18854670 85
18854685 85
18854687 85
18854701 85
18854702 85
18854703 85
18854704 85
18859769 85
18859770 85
18859772 85
17414973 86
17414982 86
17414985 86
17414990 86
17415026 86
17415027 86
17415030 86
17415036 86
17415055 86
17408020 87
17408030 87
17408043 87
17408063 87
17408067 87
17408068 87
17408085 87
17408097 87
17408100 87
17457374 88
17457395 88
17457415 88
17457440 88
17457441 88
17458453 88
17458520 88
18504880 89
18504924 89
18504925 89
18504935 89
18504944 89
18504946 89
18504958 89
18504973 89
18505058 89
18505073 89
18505121 89
18505144 89
18505243 89
17388304 90
17388528 90
17388792 90
17388812 90
17395969 90
17426366 91
17426374 91
17426383 91
17426417 91
17426471 91
17426494 91
17426501 91
17879958 92
17879965 92
17879993 92
17880055 92
17880056 92
17880065 92
17880083 92
17437197 93
17437212 93
17437247 93
17437251 93
17437253 93
17437277 93
17437279 93
17437299 93
17437321 93
17447281 93
18123707 94
18123709 94
18123720 94
18123730 94
18123740 94
18123748 94
18123759 94
18123772 94
18123774 94
18123843 94
18123855 94
18123887 94
18123924 94
18123935 94
18123941 94
18123965 94
18124005 94
18124017 94
18124029 94
18124036 94
18124057 94
18855682 95
18855683 95
18855684 95
18855691 95
18855695 95
18855701 95
18855703 95
18855710 95
18855730 95
18855751 95
18855752 95
18855779 95
18855781 95
18855782 95
18860300 95
18860301 95
18860307 95
18860308 95
18860311 95
18860313 95
18860315 95
18860316 95
18860320 95
18860323 95
18860327 95
18860330 95
18860332 95
18860335 95
18860346 95
18860350 95
18860355 95
18860357 95
18860358 95
18860359 95
18860361 95
18860362 95
18860368 95
18860372 95
18860378 95
18860384 95
18860386 95
17405857 96
17405916 96
17405950 96
17406001 96
17484313 97
17484387 97
17440921 98
17440942 98
17490846 98
17490974 98
17490999 98
17491004 98
17372022 99
17420443 100
17420607 100
17420703 100
17420734 100
17420771 100
17420840 100
17450958 101
17451027 101
18063551 102
18063576 102
18063582 102
18063616 102
18063628 102
18066119 102
18066127 102
18066156 102
18066170 102
17424449 103
17424452 103
17402398 104
17760574 104
17760582 104
17760621 104
18515476 104
18515489 104
18537346 104
17423193 105
17423275 105
17423301 105
17423345 105
17423451 105
17417429 106
17419451 106
17419500 106
17421971 107
18882637 108
18882664 108
18882682 108
18882683 108
18882689 108
18882699 108
18882730 108
18882733 108
18882741 108
18882749 108
18882751 108
18882753 108
18882773 108
18882774 108
18882777 108
18882778 108
18882782 108
18882785 108
18882793 108
18882795 108
18882796 108
18882803 108
18882808 108
18882815 108
18882818 108
18882821 108
18882822 108
18882825 108
18882833 108
18882837 108
18882838 108
18882846 108
18882853 108
18882858 108
18882859 108
18882862 108
18882863 108
18882865 108
18882869 108
18882872 108
18882894 108
18882906 108
17474298 109
17474410 109
17474515 109
17477844 109
17476386 110
17476420 110
17375987 111
17381796 112
17426586 112
17461203 113
18101854 113
17580086 114
17580089 114
17580131 114
18670218 115
18670247 115
18670248 115
18670249 115
18670297 115
18670298 115
18670300 115
18670301 115
18670337 115
18670338 115
18670341 115
18670373 115
18670374 115
18670375 115
18670384 115
18670392 115
18670395 115
18670397 115
18670401 115
18670412 115
18670416 115
18670439 115
18670452 115
18670473 115
18670509 115
18670510 115
18670511 115
18670534 115
18670535 115
18670610 115
18670616 115
18670620 115
18670622 115
18670623 115
18670625 115
18670626 115
18670650 115
18670652 115
18670665 115
18670689 115
18670691 115
18670712 115
18670724 115
18670736 115
18670745 115
18670746 115
18670747 115
18670753 115
18670789 115
17477201 116
17477259 116
18574350 117
18574355 117
18574371 117
18574372 117
18574392 117
18574401 117
18574438 117
18574598 117
18574613 117
18574618 117
18574676 117
18574710 117
18574813 117
18574826 117
17384091 118
17414912 119
17423669 120
17425228 120
17429753 121
17652584 121
17652585 121
17652624 121
18305799 122
18305818 122
18305853 122
18310303 122
18310404 122
18316530 122
18332525 122
18802649 122
18802653 122
18802659 122
18802679 122
18668689 123
18668698 123
18668699 123
18672486 123
18674848 123
18681181 123
18681186 123
18693677 123
18693679 123
18693688 123
18693693 123
18693699 123
18693700 123
18693706 123
18693708 123
18693749 123
18696016 123
18696028 123
18696029 123
18696056 123
18696058 123
18696074 123
18696078 123
18696093 123
18696101 123
18696112 123
18696113 123
18696117 123
18696131 123
17687606 124
18234600 124
18234715 124
18531123 124
18531139 124
18531162 124
18531202 124
18568600 124
18856856 124
17419901 125
17419944 125
17382836 126
17424739 126
17435827 126
17447673 126
17650844 126
17419123 127
17422988 128
18501077 129
18501489 129
18501644 129
17799301 130
17813530 130
17813550 130
17813701 130
18660886 131
18660901 131
18660909 131
18663086 131
18663119 131
18668438 131
18668450 131
18668456 131
18668490 131
18754074 131
18754080 131
18754081 131
18754085 131
18754099 131
18754113 131
18754115 131
18754118 131
18754120 131
17833929 132
17834674 132
17834876 132
17840615 132
18813662 132
18813670 132
17434445 133
17581421 134
17603678 135
17603703 135
17604449 135
17735227 135
18914519 135
18914520 135
18914530 135
18914535 135
18914545 135
18914549 135
18914564 135
17723640 136
18699444 137
18699445 137
18699470 137
18699489 137
18699515 137
18699517 137
18699609 137
18699616 137
18699634 137
18699713 137
18699724 137
18699743 137
18699785 137
18699787 137
18699816 137
18699955 137
18734962 137
18783515 137
18783568 137
18784294 138
18784296 138
18784301 138
18784312 138
18784330 138
18784338 138
18784340 138
18784367 138
18784396 138
18784419 138
18784429 138
18784432 138
18784479 138
18784507 138
18784548 138
18784563 138
18784648 138
18784728 138
18784750 138
18785064 138
18785117 138
18785245 138
18785259 138
18785262 138
18785288 138
18785312 138
18893882 138
18893916 138
17670232 139
18715059 140
18715090 140
18715103 140
18715114 140
18715165 140
18715178 140
18715184 140
18856943 140
18856950 140
18856968 140
18861915 140
18862012 140
18862032 140
18862086 140
18709019 141
18730821 141
18730829 141
18800332 141
18826436 141
18854554 141
18853902 142
